Assembly:
addi $0 $0 00

addi $1 $1 01

addi $2 $2 10

addi $3 $3 11

addi $4 $4 01
addi $4 $4 11

addi $5 $5 10
addi $5 $5 11

addi $6 $6 11
addi $6 $6 11

addi $7 $7 01
addi $7 $7 11
addi $7 $7 11

Binary:
011 000 000 000  0110 0000 0000

011 001 001 001  0110 0100 1001

011 010 010 010  0110 1001 0010

011 011 011 011  0110 1101 1011

011 100 100 001  0111 0010 0001
011 100 100 011  0111 0100 0011 

011 101 101 010  0111 0110 1010
011 101 101 011  0111 0110 1011

011 110 110 011  0111 1011 0011
011 110 110 011  0111 1011 0011

011 111 111 001  0111 1111 1001
011 111 111 011  0111 1111 1011
011 111 111 011  0111 1111 1011

Hex:
600

649

692

6DB

721
743

76A
76B

7B3
7B3

7F9
7FB
7FB

Revised Binary:
11011 000 000 000  0011 0110 0000 0000

11011 001 001 001  0011 0110 0100 1001

11011 010 010 010  0011 0110 1001 0010

11011 011 011 011  0011 0110 1101 1011

11011 100 100 001  0011 0111 0010 0001
11011 100 100 011  0011 0111 0100 0011 

11011 101 101 010  0011 0111 0110 1010
11011 101 101 011  0011 0111 0110 1011

11011 110 110 011  0011 0111 1011 0011
11011 110 110 011  0011 0111 1011 0011

11011 111 111 001  0011 0111 1111 1001
11011 111 111 011  0011 0111 1111 1011
11011 111 111 011  0011 0111 1111 1011

Revised Hex:
2600

2649

2692

26DB

2721
2743

276A
276B

27B3
27B3

27F9
27FB
27FB

